7.1096
9.0555
0.2303
4.4187
4.0748
7.5612
3.0076
1.7504
9.1837
9.8636
8.7639
7.6010
1.2691
5.1455
9.4147
3.9083
6.1632
6.9988
7.8827
4.4578
3.3241
1.3988
8.0704
0.0131
0.6477
0.7368
5.8320
3.8368
3.1834
9.8245
3.5005
5.5692
4.2643
4.1706
2.0414
2.3187
8.6994
1.3865
6.6535
8.1732
7.9692
4.1075
4.3812
5.3969
7.2932
7.2838
1.5544
6.5270
9.9807
0.3957
4.0885
2.4214
2.1025
1.1632
2.0416
9.6773
2.6388
9.2343
0.7344
9.3604
4.4956
3.6991
8.1472
9.6000
8.4227
8.8335
6.4441
4.6203
7.9486
0.0864
9.0158
9.5250
2.3414
7.1576
7.3969
2.4797
5.7610
5.2712
2.0578
5.5051
3.0644
3.1590
4.3475
2.3304
4.6207
8.7237
1.3307
1.5041
8.5836
5.8842
3.5173
0.2115
1.8735
1.9216
7.4684
4.3236
6.8612
3.7313
6.5268
9.0296
0.8570
7.1080
2.3550
1.1049
1.6779
4.8342
1.1979
5.9162
8.1783
0.5023
0.2973
2.6416
4.5404
8.0608
8.2360
4.8774
2.1785
9.7239
5.0997
9.9550
2.6363
3.1882
5.2092
7.0225
8.3692
2.3948
6.6806
2.9328
8.0641
2.4817
5.1258
7.6407
6.3536
8.2617
0.3930
9.5848
4.7916
7.2379
4.5612
2.0597
1.0099
2.6868
4.4420
3.7650
4.7107
2.1570
8.7764
5.3974
8.3778
3.3649
2.8438
9.2222
6.9398
2.9798
1.9401
7.9348
7.2207
5.4746
5.5396
5.9474
2.7856
4.6727
0.4280
1.5980
0.9580
3.6134
8.0896
0.5806
1.3959
5.5611
4.9445
3.2595
6.0266
5.7888
5.9084
5.6535
3.2161
6.9020
1.6767
1.9222
6.3700
4.8182
1.1372
5.0717
2.0483
2.3188
2.3454
2.0595
2.2885
3.9850
1.4721
8.5363
2.2289
8.2779
3.2342
2.7723
4.7821
7.9677
1.3738
1.6938
3.1196
9.3235
1.2568
9.0257
3.8579
9.6050
2.3974
0.9931
5.4138
9.6114
9.5298
6.2447
9.8379
9.9152
7.5357
1.5517
6.1533
6.0176
9.0116
7.1579
5.5182
0.2422
6.1164
0.9955
3.0656
4.2669
0.7722
3.5672
4.9995
1.9984
7.3361
5.4742
0.2315
7.3712
4.5407
1.6593
3.7531
1.5647
1.2946
0.5330
7.9323
9.2195
1.5967
1.5865
5.6940
6.0001
8.9257
5.0865
5.7829
5.6835
2.8389
6.1591
5.3286
0.4820
2.9603
4.9118
8.8699
1.5337
7.0691
9.5108
4.1318
8.2024
1.9487
5.5210
3.7003
3.8904
2.4914
4.3942
8.1913
7.1212
3.2654
7.2292
9.8411
0.5946
6.6334
5.8393
9.9194
9.2653
1.4515
1.3485
7.0890
3.1097
3.8200
5.2034
3.0232
6.4632
3.7542
8.1166
5.9506
4.1087
7.8803
3.4466
0.2329
0.0738
1.8863
5.2509
0.8771
3.2023
2.3928
6.9719
7.7448
2.6029
9.9600
0.9625
5.2826
3.3585
0.9337
1.2703
1.6814
3.5273
4.6250
6.8132
3.7229
5.4753
8.6951
5.4762
3.4655
7.4560
6.3297
3.3100
2.1579
5.9147
4.0080
7.3919
2.6559
3.7183
1.0749
1.1608
7.4460
7.7215
0.4715
5.1300
3.6404
9.5573
2.9960
7.6390
3.2534
4.1710
7.1255
3.3236
2.2683
6.5359
4.0586
3.4121
9.9480
4.4465
0.0102
2.2167
7.6148
5.4599
6.4847
0.6262
1.7659
8.5204
2.9351
7.4590
7.3712
2.7133
4.7110
1.7364
0.9233
3.2468
3.8464
0.5185
9.4570
6.5760
7.3039
2.6083
7.9962
4.1981
6.4359
3.2872
7.0741
5.5209
6.0869
6.4649
1.1806
0.2581
5.0885
4.9027
6.6357
7.5159
6.1629
5.9300
8.3261
8.5867
4.8021
3.3055
4.7566
6.0622
7.4973
8.4585
3.3551
6.2553
0.9516
1.1198
1.5739
7.9270
5.7398
2.1438
7.7700
1.7181
3.2689
4.8923
7.7984
7.8990
6.7585
5.1333
2.0239
8.7653
3.9754
6.4471
3.1881
3.2783
6.0950
2.0518
7.4007
1.6148
1.1086
1.7136
8.4304
0.5205
0.5347
2.2655
1.4611
1.7932
4.3718
4.4985
8.5206
5.4118
8.8295
2.5677
4.8627
4.3955
9.6911
4.1469
0.1331
8.7518
8.1831
9.8536
2.7389
8.2671
3.8071
7.7928
1.3947
3.7328
0.0125
6.7044
7.3384
5.1741
0.8260
3.8825
9.4988
7.8428
4.5503
8.4069
5.6995
4.3538
0.0901
8.9157
0.0629
2.1020
9.0856
4.0033
2.2775
7.6643
9.0688
0.2222
9.3587
1.4346
6.4220
4.8860
1.7292
3.2445
3.3448
1.7173
5.1987
2.7297
7.5748
5.5754
6.6907
9.6206
4.0369
4.6870
5.9831
8.1583
3.1553
6.9379
2.4070
2.4070
4.8066
8.4760
5.1401
0.6774
2.3111
3.7201
1.9216
8.4644
9.2372
2.4705
2.4484
2.9627
8.3470
1.7783
3.7982
6.4465
5.6623
1.9362
7.5236
5.4357
8.0248
8.6278
0.7442
6.8056
1.7328
8.1108
3.4062
0.7651
9.0382
5.1968
8.7952
4.3902
4.6318
3.3443
5.2589
2.0753
9.9824
8.2662
0.5553
0.1276
4.9730
1.5298
5.6700
3.5283
3.3786
4.8698
7.6980
4.4621
2.2232
1.7662
4.8576
7.3300
7.9605
7.3414
2.8665
8.4792
5.3389
5.0071
7.8150
5.3275
4.4713
9.1333
0.9413
9.7198
4.1351
7.1503
1.0366
0.7080
3.7014
8.3289
2.4469
8.7677
1.2750
3.9355
7.9118
9.9812
8.4388
0.9761
9.7021
2.3019
6.3947
1.8528
1.9012
4.8562
5.2517
5.4449
2.0241
9.4925
2.8569
4.7665
2.1205
9.0770
4.2501
0.1350
9.7909
7.4766
7.6554
3.6021
7.2241
3.6433
9.7983
8.6933
6.1600
8.6126
5.3416
1.1754
5.7059
7.7343
3.5711
0.3982
8.6022
5.9385
4.7059
1.2870
0.9166
8.3741
5.8076
5.5177
8.4499
9.9822
1.3793
6.5305
2.0352
0.9451
9.7054
1.3827
7.9570
8.1555
4.1782
3.9479
1.8614
0.3917
7.6519
3.8033
2.1771
8.4930
0.4089
6.6044
0.9374
7.6072
1.1906
4.3192
2.1641
4.9452
6.0959
2.3672
6.9044
6.9232
8.6580
5.2863
4.6649
3.5605
8.6283
5.0556
1.4583
2.5708
3.2723
9.7485
4.8588
3.3948
1.5978
7.7749
3.7103
3.2020
9.0451
1.8523
9.8838
0.7845
3.9201
4.1808
3.6265
1.8073
2.1310
2.8054
4.0094
7.4527
8.4139
5.1389
6.8169
1.6182
3.5434
5.4527
9.7684
7.7228
0.6601
5.0007
3.9263
9.6277
6.0147
8.4745
2.4853
2.3135
1.5111
9.6352
6.3432
2.4141
0.4100
8.0022
0.6718
0.3048
4.4961
1.6274
8.6921
5.1139
1.8738
2.1664
8.3769
6.6625
2.5695
9.9502
1.2120
1.9136
1.5149
9.9864
2.1795
4.5541
0.1801
4.9290
3.4642
7.1930
5.6262
9.0544
9.3665
7.3389
0.9024
3.8689
0.9152
8.9112
3.7533
8.5681
1.0894
7.3267
0.4311
7.8600
4.9902
1.0863
6.8840
9.6686
6.2321
5.0959
0.7306
7.2399
6.6861
1.6996
8.3573
9.0268
1.8997
1.3672
4.3420
4.6812
7.3945
4.0438
1.9986
0.3960
5.9337
9.0785
1.7183
1.5429
5.5149
7.5937
5.0235
3.5497
5.8791
7.8336
6.7599
6.5417
5.3526
3.2123
0.2706
8.8183
4.1393
0.7066
2.1068
5.9834
1.2701
7.5882
3.9858
0.7918
0.6885
2.6050
2.4192
9.1043
6.9559
5.7502
0.7959
5.0644
5.5158
0.5584
5.6581
0.8206
1.8985
2.0611
1.6101
4.0402
5.2438
0.1989
6.5875
8.3080
5.8910
3.3613
8.9602
8.8247
3.4989
4.0651
3.1372
2.0643
9.3685
0.5160
8.7936
5.3464
2.0965
3.1745
5.4460
9.0749
6.9578
0.0772
5.0002
0.9636
3.5902
6.7209
3.0810
4.4560
7.7075
6.0789
8.1064
2.1143
6.7471
0.5263
8.3873
8.6537
2.8807
8.0726
9.2267
0.5596
2.2326
5.7347
7.1331
1.8880
0.1679
5.9020
4.4204
0.8773
3.4139
8.1293
6.0211
3.0666
7.1047
5.5302
0.8957
4.2354
6.7026
5.6246
1.2394
9.5896
2.9152
9.0284
2.6782
0.1849
3.0538
2.2335
6.7232
4.5632
5.1802
1.2170
6.8996
1.0308
3.3087
9.8408
7.1329
6.9672
1.6467
6.5775
8.0623
1.9223
1.5964
2.5583
5.6757
9.4168
7.6999
8.8917
9.1198
3.5231
1.3200
4.4414
3.2160
4.9005
5.2203
4.3122
2.1346
4.9700
7.8958
6.3300
9.5362
9.8346
6.5688
0.9231
8.2909
8.0986
1.6178
4.9061
2.5468
5.7125
1.4851
8.5240
3.2625
0.1754
6.9768
4.5661
3.4992
4.6605
4.2214
6.0226
1.2129
3.8522
3.8852
2.8648
0.6772
0.1016
6.8846
2.6999
5.3145
6.8832
8.1197
4.1063
5.9841
3.1742
9.9168
7.2079
1.8369
1.1079
7.5262
7.1278
8.3992
4.6201
1.8935
1.1161
2.3176
2.2428
5.1946
0.1206
8.6512
2.7446
5.9199
3.0159
3.8759
1.8326
1.9469
9.7819
2.5554
3.1478
0.8857
8.8913
9.6819
0.0616
4.2053
7.9950
8.2496
0.9321
1.9669
2.7897
2.0019
2.6549
3.4207
8.4140
6.1678
5.7086
9.8353
8.1319
1.9024
7.3549
