17.1096
39.0555
0.2303
54.4187
54.0748
77.5612
63.0076
31.7504
79.1837
19.8636
18.7639
17.6010
1.2691
25.1455
49.4147
43.9083
26.1632
46.9988
47.8827
104.4578
63.3241
111.3988
118.0704
130.0131
140.6477
10.7368
65.8320
23.8368
63.1834
139.8245
53.5005
145.5692
104.2643
54.1706
32.0414
12.3187
18.6994
141.3865
96.6535
38.1732
67.9692
4.1075
4.3812
25.3969
47.2932
127.2838
21.5544
36.5270
9.9807
20.3957
14.0885
2.4214
22.1025
21.1632
2.0416
9.6773
2.6388
9.2343
10.7344
19.3604
14.4956
53.6991
28.1472
59.6000
28.4227
28.8335
36.4441
34.6203
107.9486
140.0864
39.0158
59.5250
22.3414
57.1576
37.3969
12.4797
35.7610
15.2712
102.0578
75.5051
3.0644
43.1590
14.3475
52.3304
4.6207
58.7237
151.3307
1.5041
98.5836
15.8842
113.5173
0.2115
1.8735
51.9216
117.4684
64.3236
6.8612
3.7313
16.5268
9.0296
140.8570
17.1080
82.3550
111.1049
1.6779
44.8342
101.1979
45.9162
8.1783
30.5023
40.2973
132.6416
24.5404
18.0608
128.2360
84.8774
22.1785
59.7239
115.0997
59.9550
142.6363
33.1882
5.2092
67.0225
28.3692
32.3948
16.6806
22.9328
28.0641
12.4817
25.1258
7.6407
26.3536
88.2617
90.3930
39.5848
14.7916
27.2379
124.5612
22.0597
21.0099
152.6868
104.4420
3.7650
144.7107
142.1570
8.7764
45.3974
68.3778
33.3649
72.8438
119.2222
46.9398
92.9798
11.9401
107.9348
137.2207
45.4746
55.5396
25.9474
22.7856
104.6727
0.4280
141.5980
60.9580
13.6134
38.0896
140.5806
141.3959
55.5611
94.9445
113.2595
26.0266
85.7888
25.9084
75.6535
143.2161
66.9020
11.6767
51.9222
6.3700
4.8182
41.1372
15.0717
142.0483
2.3188
102.3454
12.0595
2.2885
3.9850
1.4721
58.5363
2.2289
18.2779
13.2342
2.7723
4.7821
87.9677
41.3738
1.6938
43.1196
39.3235
121.2568
129.0257
73.8579
9.6050
12.3974
30.9931
45.4138
149.6114
69.5298
146.2447
149.8379
39.9152
27.5357
11.5517
16.1533
156.0176
89.0116
37.1579
15.5182
0.2422
6.1164
0.9955
13.0656
14.2669
0.7722
3.5672
4.9995
1.9984
27.3361
5.4742
0.2315
107.3712
4.5407
1.6593
3.7531
1.5647
1.2946
10.5330
7.9323
69.2195
31.5967
1.5865
35.6940
26.0001
48.9257
115.0865
45.7829
145.6835
22.8389
6.1591
25.3286
40.4820
32.9603
14.9118
38.8699
1.5337
77.0691
79.5108
14.1318
28.2024
91.9487
125.5210
3.7003
83.8904
142.4914
4.3942
128.1913
57.1212
153.2654
7.2292
19.8411
140.5946
146.6334
95.8393
19.9194
19.2653
31.4515
51.3485
107.0890
13.1097
143.8200
55.2034
3.0232
46.4632
63.7542
48.1166
15.9506
4.1087
37.8803
103.4466
20.2329
20.0738
141.8863
45.2509
100.8771
103.2023
132.3928
16.9719
147.7448
32.6029
9.9600
30.9625
15.2826
33.3585
0.9337
21.2703
71.6814
3.5273
14.6250
6.8132
33.7229
95.4753
38.6951
55.4762
3.4655
47.4560
96.3297
23.3100
2.1579
145.9147
24.0080
7.3919
72.6559
33.7183
1.0749
51.1608
57.4460
17.7215
10.4715
25.1300
3.6404
39.5573
2.9960
47.6390
3.2534
4.1710
7.1255
23.3236
132.2683
96.5359
64.0586
83.4121
59.9480
4.4465
30.0102
142.2167
117.6148
55.4599
76.4847
30.6262
61.7659
108.5204
42.9351
67.4590
57.3712
122.7133
4.7110
41.7364
150.9233
63.2468
143.8464
150.5185
149.4570
16.5760
147.3039
52.6083
87.9962
44.1981
136.4359
63.2872
7.0741
25.5209
46.0869
146.4649
121.1806
0.2581
5.0885
14.9027
6.6357
147.5159
96.1629
25.9300
148.3261
38.5867
104.8021
93.3055
44.7566
6.0622
17.4973
8.4585
33.3551
6.2553
140.9516
111.1198
1.5739
7.9270
55.7398
52.1438
27.7700
141.7181
3.2689
14.8923
17.7984
67.8990
26.7585
15.1333
2.0239
18.7653
23.9754
146.4471
3.1881
83.2783
6.0950
12.0518
37.4007
11.6148
21.1086
11.7136
58.4304
40.5205
90.5347
122.2655
71.4611
101.7932
54.3718
44.4985
28.5206
125.4118
8.8295
2.5677
4.8627
94.3955
29.6911
144.1469
60.1331
8.7518
38.1831
139.8536
12.7389
58.2671
63.8071
77.7928
1.3947
143.7328
150.0125
6.7044
147.3384
55.1741
140.8260
63.8825
29.4988
127.8428
144.5503
108.4069
95.6995
4.3538
30.0901
48.9157
60.0629
2.1020
69.0856
4.0033
2.2775
27.6643
29.0688
10.2222
9.3587
11.4346
26.4220
34.8860
1.7292
3.2445
143.3448
21.7173
15.1987
12.7297
7.5748
35.5754
66.6907
19.6206
4.0369
24.6870
5.9831
8.1583
3.1553
6.9379
52.4070
142.4070
14.8066
8.4760
5.1401
30.6774
132.3111
33.7201
91.9216
98.4644
29.2372
12.4705
12.4484
2.9627
18.3470
1.7783
23.7982
66.4465
15.6623
51.9362
37.5236
5.4357
38.0248
58.6278
30.7442
66.8056
11.7328
18.1108
13.4062
10.7651
9.0382
5.1968
18.7952
34.3902
114.6318
13.3443
5.2589
2.0753
9.9824
8.2662
20.5553
20.1276
24.9730
1.5298
15.6700
23.5283
13.3786
4.8698
7.6980
44.4621
2.2232
11.7662
44.8576
27.3300
37.9605
57.3414
72.8665
8.4792
95.3389
5.0071
47.8150
5.3275
64.4713
49.1333
0.9413
69.7198
4.1351
77.1503
21.0366
0.7080
43.7014
18.3289
32.4469
38.7677
1.2750
23.9355
67.9118
39.9812
68.4388
0.9761
59.7021
12.3019
16.3947
21.8528
21.9012
4.8562
5.2517
25.4449
2.0241
9.4925
2.8569
74.7665
22.1205
39.0770
34.2501
120.1350
49.7909
7.4766
17.6554
13.6021
27.2241
83.6433
19.7983
58.6933
96.1600
8.6126
15.3416
1.1754
15.7059
57.7343
33.5711
10.3982
18.6022
85.9385
144.7059
101.2870
110.9166
78.3741
55.8076
125.5177
98.4499
149.9822
41.3793
56.5305
22.0352
60.9451
59.7054
151.3827
77.9570
18.1555
74.1782
83.9479
51.8614
80.3917
77.6519
123.8033
12.1771
128.4930
140.4089
6.6044
150.9374
67.6072
151.1906
4.3192
12.1641
144.9452
146.0959
112.3672
76.9044
16.9232
28.6580
75.2863
154.6649
13.5605
138.6283
65.0556
1.4583
42.5708
53.2723
49.7485
14.8588
43.3948
41.5978
107.7749
43.7103
13.2020
89.0451
91.8523
19.8838
50.7845
103.9201
74.1808
143.6265
41.8073
12.1310
72.8054
24.0094
17.4527
18.4139
25.1389
106.8169
21.6182
33.5434
5.4527
19.7684
137.7228
140.6601
55.0007
43.9263
49.6277
86.0147
28.4745
42.4853
142.3135
31.5111
9.6352
126.3432
142.4141
10.4100
48.0022
100.6718
30.3048
34.4961
51.6274
48.6921
65.1139
11.8738
72.1664
18.3769
16.6625
22.5695
29.9502
51.2120
141.9136
1.5149
39.9864
92.1795
14.5541
0.1801
44.9290
53.4642
47.1930
55.6262
19.0544
59.3665
27.3389
30.9024
3.8689
20.9152
38.9112
13.7533
38.5681
151.0894
17.3267
150.4311
147.8600
144.9902
41.0863
106.8840
129.6686
96.2321
35.0959
60.7306
57.2399
86.6861
31.6996
148.3573
9.0268
151.8997
141.3672
24.3420
44.6812
37.3945
44.0438
11.9986
90.3960
145.9337
79.0785
31.7183
61.5429
5.5149
47.5937
25.0235
3.5497
55.8791
27.8336
146.7599
56.5417
5.3526
63.2123
150.2706
8.8183
44.1393
0.7066
142.1068
125.9834
141.2701
27.5882
83.9858
20.7918
50.6885
142.6050
32.4192
139.1043
146.9559
145.7502
40.7959
35.0644
15.5158
150.5584
85.6581
30.8206
141.8985
22.0611
41.6101
34.0402
145.2438
140.1989
146.5875
38.3080
55.8910
83.3613
128.9602
138.8247
23.4989
144.0651
13.1372
62.0643
139.3685
50.5160
148.7936
85.3464
22.0965
3.1745
5.4460
119.0749
6.9578
80.0772
25.0002
0.9636
13.5902
6.7209
143.0810
4.4560
17.7075
126.0789
138.1064
42.1143
106.7471
0.5263
48.3873
8.6537
142.8807
28.0726
149.2267
90.5596
12.2326
85.7347
127.1331
141.8880
10.1679
25.9020
54.4204
150.8773
13.4139
28.1293
146.0211
103.0666
27.1047
135.5302
140.8957
34.2354
46.7026
5.6246
1.2394
39.5896
2.9152
89.0284
2.6782
0.1849
33.0538
32.2335
6.7232
14.5632
5.1802
21.2170
66.8996
11.0308
23.3087
39.8408
147.1329
56.9672
1.6467
26.5775
58.0623
1.9223
51.5964
2.5583
5.6757
69.4168
7.6999
18.8917
9.1198
3.5231
1.3200
84.4414
3.2160
54.9005
15.2203
4.3122
52.1346
4.9700
67.8958
116.3300
149.5362
119.8346
116.5688
50.9231
138.2909
148.0986
151.6178
154.9061
132.5468
145.7125
81.4851
148.5240
153.2625
150.1754
146.9768
144.5661
3.4992
154.6605
144.2214
36.0226
61.2129
143.8522
143.8852
12.8648
40.6772
120.1016
136.8846
12.6999
15.3145
36.8832
38.1197
34.1063
135.9841
3.1742
139.9168
147.2079
41.8369
41.1079
17.5262
87.1278
58.3992
144.6201
141.8935
131.1161
142.3176
52.2428
95.1946
40.1206
28.6512
22.7446
25.9199
73.0159
143.8759
61.8326
31.9469
49.7819
142.5554
143.1478
80.8857
18.8913
149.6819
130.0616
144.2053
37.9950
108.2496
50.9321
141.9669
142.7897
82.0019
142.6549
143.4207
138.4140
86.1678
25.7086
19.8353
148.1319
141.9024
27.3549
